374770
259619
197021
55657
605789
677135
594959
462331
682264
638847
920764
426795
520913
100065
131998
680403
1022495
491598
727510
517917
151651
647967
446635
597318
305901
1048357
534373
563390
158372
860118
671422
1006526
307152
703463
954816
872826
1171608
1169557
704824
895978
653656
556277
1166523
337907
234341
519045
1027296
1142837
459031
804595
504903
680136
1020396
617001
740935
1161122
954244
822672
657031
181115
1161373
442684
551240
1160073
746423
695026
1055416
672468
738670
30714
43627
165144
796528
95473
425732
1147345
759590
774667
198378
848495
485825
764051
40729
878934
487713
406157
142134
236030
1176594
624511
682704
483640
694280
1163929
608175
431148
58854
423921
135977
883870
443728
768115
936763
442567
369635
341790
26490
938800
474079
103329
322096
794526
374712
95319
730921
836857
1000056
831674
688621
10532
746151
829645
925807
708728
698979
560318
703493
341728
310532
728177
835136
244278
808071
620665
834262
614333
710266
133762
1072545
305417
915390
940324
646873
118295
614675
592089
612205
891004
295347
51186
122430
488680
97879
1040889
1138003
681297
1019390
610838
413594
980111
132919
627311
467585
147871
617832
1180324
1033267
1057890
708126
208991
685088
890447
536267
455
1185039
964136
444910
850717
750389
1029452
642698
335446
1142797
951944
941523
611328
20911
656528
488422
751580
33675
939263
433871
286026
626575
529620
32175
1138183
959635
8858
235184
925716
84244
184715
793701
276847
1080034
128173
506420
259662
454879
448892
958463
625369
1009453
50256
925709
708793
635293
878399
84148
294049
104214
1139768
57385
243749
508262
1179881
449781
909681
257797
292799
446302
339576
739851
1163770
1017275
357886
837381
524906
1000532
451308
29167
47937
97576
538990
723483
1060203
976668
800871
276029
965991
727967
774308
681652
158363
128570
285892
736588
778432
118623
920545
698093
636393
420770
1058749
165421
6438
1019734
101616
198685
67904
772195
945190
1075419
493362
564642
585595
249813
971492
84623
588343
923730
889584
128767
1004172
1043308
927288
899265
71763
724466
60631
887021
81966
396514
644004
257403
1165366
148411
714632
831686
986789
309508
24015
43702
615446
634973
718369
1181002
842521
690396
819081
926600
118447
615904
65102
1047253
46980
29967
83348
1069051
215657
597876
433186
698607
85604
979957
961633
752082
474572
276202
263840
672675
1043150
807199
824294
772660
893912
956987
796439
596087
845161
976754
410919
476803
640250
200257
1144147
201219
1151695
100091
156197
1055501
135903
185438
574437
682376
790967
546279
447324
423841
473894
624134
435848
905564
1007872
1048234
341288
1184964
5807
634003
904681
603076
906331
78212
948559
518111
966759
81891
149636
406821
72759
263602
177216
240834
410070
70665
768326
446547
196294
438353
698894
115767
160665
711948
680476
969324
1152877
1171557
827002
1033636
749941
770078
13160
109017
309200
202707
137543
84702
112610
844738
51312
845238
199569
433790
860789
710105
643366
1041917
627949
427634
342322
374467
1147076
700683
711294
782117
739905
55319
1155864
229914
602651
282105
432944
18232
24415
798066
794929
60047
500931
840966
392166
123132
8846
967078
1157342
48916
594705
306093
494838
281621
428143
734270
1175316
1047214
346025
710486
50039
622024
683817
217184
568966
957604
592887
936660
1000579
1171493
990988
668314
879115
915123
1000094
654079
974977
583023
665426
674843
449694
627507
446929
1073551
880501
305693
38115
61150
567323
623240
960327
444332
615401
428297
726744
548545
207083
953893
604200
548187
794928
259910
680592
997299
239780
937118
1054083
553719
115445
767195
467869
502907
1148891
842355
693569
1174673
599028
983423
126522
973306
846086
740410
445728
170116
500934
589164
747316
280012
380556
794339
1160650
1027674
107290
1066106
341138
133312
978556
791228
988913
75777
66412
747043
884053
26205
103631
499780
407245
96563
300825
25660
333966
482058
641569
22778
274408
730750
241513
496628
60489
471148
26973
321328
989745
438503
219185
592254
600131
1054683
622855
569962
388469
955123
483872
422306
694338
1153642
957626
392668
1048346
617704
1074613
865565
602243
310722
93385
656245
522239
596217
847348
1029309
977275
72740
557379
643662
1184715
730632
854380
707746
857711
339134
730037
515430
114556
575578
661558
592291
966982
422277
110354
698331
976100
879738
265972
356549
1162348
724770
781782
881378
123929
576804
198168
128518
683315
254546
170028
151389
317889
1040270
911466
586210
691139
1060166
691046
523844
325247
310155
387183
947087
489985
873086
206723
1168770
843656
879427
1060115
935452
704889
477505
1162166
262750
456853
651850
1049688
902385
515249
425873
492004
102986
927868
941636
18702
160447
892414
992112
721712
822795
276482
999911
797406
559615
956565
855585
760513
522633
933493
968299
585972
608318
935449
225974
1182703
1170176
939715
417824
547603
656284
394200
296322
838073
917153
1181907
1003660
150711
829033
1012807
717830
1179900
625440
464086
14650
247632
599211
918321
856019
493840
813497
921520
96555
180382
991747
664859
29340
624243
208441
301895
848749
741594
450042
318095
953871
549585
437902
608234
49357
633764
1149341
311040
942168
903067
579331
491190
866367
710162
1005727
696331
94564
587592
64948
120721
424736
679944
678379
1138004
118960
761259
1149710
822617
760139
1177350
141679
736439
81187
864934
687377
410284
197320
638644
477889
107982
870915
318395
281916
838528
876197
719419
1014936
635655
348516
659581
316113
87808
1024361
787028
1017726
583059
1074315
824850
1164198
687716
8923
604300
424211
281011
431589
934976
531121
910605
211681
650067
880076
610279
720605
197620
789134
875345
1041300
633284
886505
855030
428561
139017
819463
238346
1010586
1185477
570280
307
767185
193820
58095
1033348
271829
60389
729902
633530
281284
199344
253113
427165
1176599
1044163
751760
704355
695110
903716
972561
660529
1014415
850790
87687
890967
119783
609792
542289
280606
333568
1183137
1025515
503270
585357
7442
1070245
1077936
213564
800711
333411
1041961
550517
547297
933993
644043
179487
817669
37420
772720
834995
438795
823702
490873
437382
589758
265670
1046549
36376
702956
718318
289894
1017471
954591
833437
263257
409677
405738
265249
91306
846247
712884
902758
97217
716005
457412
892631
1045010
886835
24171
617506
1063013
315454
634252
549401
102089
482502
1060087
114475
639430
1144497
910052
1185684
986973
731958
605811
855530
850124
21911
358913
196725
1164159
88358
768482
145369
746414
461552
812279
816680
14269
452032
118177
9883
269362
161445
242214
173112
788587
414904
1177975
975460
208679
12079
145460
920187
1181229
1056479
929188
757499
219705
888841
47971
385582
159561
1155510
420243
565249
887458
898520
1158656
73038
799004
59451
947475
1008108
514916
885504
150718
174675
914377
915849
15393
142038
807131
477003
1024687
680483
216798
847686
43588
1139773
686966
309900
822383
837133
252988
562792
320485
923859
747095
61076
560288
656351
920770
1150698
5247
821963
372208
1180077
891558
212586
1073453
451383
1073790
1058818
205216
156599
77042
600188
828167
868850
1065107
474824
957797
83250
912524
187797
258280
68776
913628
176067
108135
853176
149987
1011619
216252
979027
495710
533173
616379
430773
695251
53985
317711
730359
964473
238162
709751
958622
292712
59167
1044141
156072
697019
1142754
404639
1073212
730184
1050759
617025
351593
914765
91836
660250
617232
606395
539571
463892
482774
1045465
131515
920924
987363
903821
125948
823467
72880
496963
180184
1173142
273909
914108
560787
577081
243999
515325
271849
2633
416425
261731
31006
242597
177784
493408
954755
1042734
827530
103211
8397
1030974
621331
245008
450679
977273
132422
1161055
978570
908552
83995
738742
65624
720100
519958
1047408
1143650
757077
667049
651811
348558
549580
858029
807025
726391
818830
8212
518459
947079
1038512
1052426
810570
635059
102044
972963
901830
915612
167180
1024726
324597
985674
255355
253676
465474
533159
197266
228630
99445
1034076
149747
634458
771874
1149368
919317
278452
448515
983108
946821
199083
186527
1021853
34531
771891
1157610
743821
591227
52075
992575
434066
591957
498415
1145880
335719
500552
501503
1079074
664608
865983
15983
1145645
925627
173564
864050
578625
1170996
30836
917456
28089
847498
1001184
272143
72064
371718
689620
42779
872029
895097
785857
446074
875039
919576
246780
156903
810346
303079
767691
664534
1059206
899095
165744
549108
723003
1163865
489500
130894
640582
690306
442279
798956
977106
477055
1173678
885661
622242
134382
801653
244034
987602
73843
870951
483150
1141370
213888
667240
777638
428172
626573
7331
289377
294438
661119
968366
286316
89015
512328
1163308
183825
956517
840608
412943
323037
780869
215128
733347
959923
753399
748963
438429
1027887
644247
850893
1147759
290912
125358
412651
123528
636194
1168520
352472
454400
819347
470600
378596
226818
635957
277546
340874
103051
688352
681261
554484
140702
74441
456534
642634
1161724
415387
733286
11475
982024
65675
1151738
1030781
1079928
605112
252411
495836
331183
893754
844762
169039
1009213
958831
566658
652752
507339
104667
808311
929160
67347
1024500
489747
1172191
1166800
710895
163481
950571
547607
1008752
652877
797897
152658
965131
266392
699113
155410
839667
56859
653185
715615
15207
499285
996644
766667
225516
711927
210852
436558
832198
286298
1023254
1000658
74033
958756
32995
130862
741487
331517
166343
624757
9220
658815
508349
882868
111109
421887
1140261
1065401
820802
136866
7558
1012197
274014
723920
762368
840591
981297
266905
252540
931197
780866
757853
774575
614939
178535
418946
989141
447356
741698
773293
240585
195617
1041121
42873
1166975
91384
904981
982689
89241
410880
950797
645903
495325
185383
249269
943710
130278
1137981
421446
165187
155264
571374
741432
251897
1073648
152845
849843
491920
470979
1145894
516276
712656
977683
124748
857343
272135
313455
835272
166631
1177879
483470
1003833
1009637
961104
422496
520415
1053329
654551
741570
825381
999235
644704
1007794
192573
15992
1064635
134737
828418
282863
934655
1046934
135344
1071480
456011
667270
206335
134320
312621
711303
748206
232717
83061
718891
629093
1171742
974893
204604
934786
1065776
1035468
163828
409386
476898
95642
1066888
612176
439955
61341
951231
831708
1046775
60310
811916
823006
880044
627912
1035985
348511
543924
1080960
1002196
846249
883441
278733
174238
42674
316634
394008
380148
1047710
798632
689353
136891
20102
822540
1272
64034
998382
441898
609348
147135
227830
59541
242060
1029726
685916
85090
1150238
653749
1138878
395689
623303
17976
479598
257977
21393
1053730
589940
177818
799762
145174
790097
1038132
962388
201449
157289
231269
595754
189796
294866
171960
645965
835833
712968
512300
604169
270829
859144
1055456
843798
736996
30777
404222
657779
758624
51229
60628
610331
340337
24581
876049
187529
701616
732022
927460
687621
120952
1166695
681583
949198
447258
718942
1185561
729267
567290
754520
185309
472009
633278
770014
611897
12556
152718
797663
272903
703092
98258
82417
294396
285265
858843
136438
490088
245993
1155134
287192
541265
478825
896097
25953
97685
492218
562119
241680
320673
1169395
302452
303573
297743
334030
483628
61850
841088
122243
751393
587609
607911
1173332
486659
946262
190198
1066828
320279
277469
9633
1050359
676994
402955
96746
1035084
965825
1144593
674737
572478
614365
505899
1003068
451356
150635
301253
979347
322060
478654
38284
806013
772091
1046482
415967
130531
203466
481633
772287
632379
1035759
508208
160193
277818
109360
9546
107270
154214
503011
1074314
931805
431965
1138830
552732
778488
919602
957020
628466
860296
902954
96055
1073865
593221
751856
82844
661668
897474
848643
795343
201389
265567
764428
1073031
910249
635383
931006
639556
804750
177151
778976
482501
523550
276193
149850
793850
1058960
1069132
900243
20929
425064
604960
1137125
803890
605826
732057
816528
492330
286174
733178
1017880
662071
429853
938524
687619
598765
690435
626444
701145
315605
660542
1144734
329618
64995
938378
611057
1141077
568340
1049725
1147673
713412
249311
760557
507399
403458
433138
307947
867099
394032
242818
676133
343635
489784
844564
951618
800083
763621
919142
953117
391090
82960
335184
90882
40104
309300
378407
888776
544244
561350
769731
215193
894812
485635
487564
306891
635131
151864
157072
23917
999036
1179001
30147
260339
590393
784837
783206
438909
270888
610485
1005017
1142350
106683
435279
574695
843740
66414
730936
747872
115933
572855
455540
129751
226964
1025131
591121
627291
695077
68855
622189
852195
602293
717374
852576
560765
891685
582804
1138526
611973
181936
222778
983447
32868
800874
162317
508107
1158682
403415
176790
1050608
538270
557871
947385
784300
386473
572805
608347
457397
886335
420676
506725
584456
414510
767729
778511
187703
617344
526258
202636
916899
260637
992018
227490
535854
631476
653166
520643
440007
696723
338329
75358
1065008
677909
339579
973569
450518
392830
758777
226892
1003724
474570
665448
958848
237358
150302
253823
696942
580127
645241
546501
37384
252663
505845
876228
293180
125487
149571
498586
198763
869142
905451
1015195
635998
1000977
708638
677896
758217
1012404
353890
859363
114218
799126
47191
1026257
798339
116169
966235
214287
398170
722881
712168
667542
1185262
404305
734708
690159
609786
120075
1048289
301114
608272
1140779
178409
123746
995377
645479
291980
561556
505723
744536
563448
561994
692897
841775
296064
1184556
140984
604736
696333
120812
564009
629589
1067892
977820
775025
315901
1139608
213478
337560
487182
1003035
798000
436997
767852
672943
784642
997399
638041
18371
453281
65824
728275
250013
34132
484585
628262
636418
443461
624952
341629
1138772
826263
496586
644260
933699
717956
910638
267142
442696
403088
704436
660842
449152
735120
930570
764566
3230
32483
571302
657648
209553
1160817
171177
995790
1141622
538237
631334
760683
608952
1058873
775427
716270
783108
801465
149845
519724
774256
47480
470288
1040127
1058747
830162
3284
656254
113203
807464
810818
222206
435752
911962
1044691
449855
264860
915335
375938
166835
771200
600339
792251
308603
455226
640786
1144803
981433
593004
85790
175781
114720
186105
1008510
273588
759443
333593
18368
394225
412239
584328
837597
286758
