257403
714632
634003
489784
442684
84623
696333
799126
797663
193820
947385
917456
409677
1060166
641569
886505
137543
885661
114556
653656
205216
1025515
854380
412239
75358
1073790
1161373
148411
794339
1179900
986973
258280
132422
824850
879115
1065008
1169557
437902
876049
954244
883870
472009
98258
357886
353890
817669
130862
1072545
81187
426795
1041121
551240
20911
226818
42873
635131
449694
634458
166343
979027
325247
1048357
608234
449152
587609
1055501
959923
774575
162317
741487
520913
604200
698894
210852
30777
241513
277546
251897
338329
310532
131515
627291
1174673
1173142
760139
242597
474079
694338
438909
1182703
753399
652877
403458
415967
198763
1149710
420770
587592
187703
560288
