85090
118623
732057
695251
557379
635998
661558
506725
596087
608318
567323
257403
507339
592089
1145645
519958
668314
643662
498415
1144734
452032
225974
1144147
617506
410880
591227
636194
734270
568340
575578
593004
991747
884053
1047710
885504
59451
842521
954755
1140779
822795
1023254
798000
870951
271829
958463
935449
1050359
1138878
1138830
341629
1044141
837597
1138183
1181229
1137125
83348
982024
48916
879738
807464
111109
8397
289377
1077936
1000977
1044163
677909
778432
335719
372208
772195
703463
645903
634973
947475
122430
892414
186527
432944
890447
252988
977273
1079074
799004
1000658
848495
990988
933699
611057
945190
880076
919576
140702
208991
18702
1065401
919317
1024500
1170176
899265
935452
834262
198378
950571
933493
849843
287192
177151
929160
181936
723003
1162348
247632
494838
751393
425064
665448
704355
635383
622855
614675
872029
148411
764428
806013
1041300
925807
237358
1017726
1053730
236030
855530
956517
831686
986973
783206
906331
804750
992018
957626
847498
375938
788587
312621
957797
775427
190198
916899
868850
950797
431148
622242
549585
10532
456534
240834
903716
181115
1027296
844738
727510
964473
488422
998382
43702
103211
277818
152845
276847
128173
878399
790097
1074315
21911
767185
28089
548187
1014415
690435
819463
999036
799762
292712
946821
51312
781782
374712
1048346
844762
1029309
1030974
711948
665426
158363
43627
97879
1168770
767852
133762
1010586
715615
846086
822540
961104
135344
792251
1075419
7442
259910
1064635
508262
846249
1046934
340337
60489
840608
285265
337560
404305
55657
226818
342322
243999
277469
30836
140984
249269
290912
310155
123132
70665
628466
242060
104667
305417
560765
717956
315901
66412
639430
507399
369635
489747
674843
883441
339579
303079
151651
331517
427165
605811
879427
1009213
410284
14650
157289
774575
485635
271849
227490
171177
180184
446302
592291
739851
24171
672943
177216
217184
199083
374467
58095
880501
1017275
915612
864050
210852
282105
11475
15992
187797
286174
128518
163481
36376
351593
25660
232717
126522
696723
251897
635957
135903
395689
61150
724466
747872
455226
156197
574695
61850
566658
47191
1166975
428297
1176599
442279
484585
276029
503270
160193
617704
443461
498586
698979
29167
1166800
638041
694280
603076
578625
267142
744536
588343
709751
549580
620665
691046
1174673
712884
189796
638847
569962
1183137
489985
730936
378596
479598
625369
645241
450679
631476
672675
576804
650067
1155134
653166
1185561
446635
24015
609792
520415
758217
517917
672468
422277
563390
75777
177784
571374
18371
561994
1152877
1184556
753399
65624
640250
474572
729902
428143
453281
647967
516276
585595
74441
296322
286298
241680
710266
306891
611897
1149341
642634
679944
1148891
42674
331183
482502
1147673
174238
759443
718891
37384
524906
624243
625440
1145894
428172
1145880
560288
