405738
296064
1164159
478654
1163929
712968
477003
644004
333411
661558
703092
567290
751580
589940
608318
1163308
477889
501503
465474
714632
1145645
600339
634003
681583
522633
547297
483150
680592
500552
498415
1181907
562119
409386
600188
385582
626444
489500
410880
438429
1143650
442684
96555
84623
743821
605826
610279
701616
282863
149845
1171742
438795
936763
1034076
1142837
1142797
202707
936660
839667
187529
965825
991747
166835
820802
983423
842521
29340
34132
1171557
774308
954755
800874
771200
909681
799126
1023254
915390
973306
878934
271829
910638
774667
958463
508349
933993
827002
254546
973569
935449
1138878
82417
1005017
341629
14269
1138526
811916
837597
305693
203466
816528
947385
1006526
989745
1137125
1060115
124748
999911
902758
8212
825381
295347
940324
693569
976100
777638
641569
1170996
1181002
1017471
111109
886505
265567
830162
652752
762368
996644
813497
1000977
858029
137543
920770
215657
533173
793701
827530
910052
764051
778432
9546
9220
772195
115767
1021853
341288
1017880
656245
60310
947475
122430
892414
186527
938524
560318
890447
90882
1055416
828167
885661
951944
853176
645479
46980
1067892
910249
155410
939715
930570
947079
915849
977273
81966
860118
8846
724770
1000658
848495
1041961
949198
933699
1065776
945190
914108
60631
892631
206723
1054683
981433
710105
919576
208991
1043308
116169
149747
18702
234341
412239
821963
919317
123528
664608
835272
1044691
77042
831674
925716
677135
75358
285892
834262
979347
13160
950571
933493
800083
661668
1066106
1073790
228630
1009453
987363
974977
766667
780866
656528
247632
751393
207083
270829
602651
629589
700683
88358
95642
711303
61076
386473
665448
184715
119783
635383
704824
614675
529620
1161055
450518
235184
741432
148411
348516
586210
1041300
1017726
1073212
905451
236030
570280
829033
1069051
807199
768482
611973
803890
794928
783206
165144
1003035
835833
231269
40729
67904
906331
988913
957626
634252
848749
923859
840966
960327
109360
1049688
1050608
822383
375938
788587
1052426
305901
1058818
1073865
1015195
911962
1035084
239780
1169557
912524
1046482
622242
999235
680403
456534
667270
822672
915335
301895
99445
903716
857343
891558
784300
40104
457397
844738
881378
920187
948559
550517
865983
1000056
689353
876049
752082
1012807
1073551
103211
843798
315605
1080034
1030781
59541
276847
128173
954591
512300
38115
493408
21911
607911
767185
772287
966235
476803
857711
96055
1074314
819347
904981
548187
435279
1014415
804595
357886
983108
712656
1035985
808071
73843
292712
681297
850717
781782
32175
919602
927288
817669
844762
1057890
1022495
160447
404639
1029309
1030974
562792
1003068
893754
711948
844564
26205
913628
426795
226892
938378
324597
291980
94564
969324
962388
767852
865565
446929
136891
1010586
294049
856019
846086
1046549
899095
72740
728177
958622
713412
1080960
129751
1075419
1074613
422306
771874
882868
1003833
846249
1046934
242818
118295
208441
307
898520
1168520
840608
636393
285265
197620
346025
309200
20911
125487
81891
114475
318095
78212
15207
219705
226818
335446
342322
243999
450042
667049
222206
68776
259662
74033
106683
272143
103631
611328
132919
323037
18232
249269
42873
100065
83250
179487
317711
108135
123132
339576
628466
32995
120952
113203
263257
160665
222778
242060
104667
150635
134382
533159
490873
580127
1177975
583023
305417
560765
605112
635131
717956
478825
496586
100091
135977
1160650
66414
634458
657648
315901
66412
617344
639430
658815
471148
552732
507399
702956
281011
535854
489747
487713
747316
674843
733286
979027
592254
325247
773293
947087
956565
889584
1177879
1007872
902954
122243
245993
151651
286316
150718
42779
622024
667240
519724
316113
674737
449152
257977
730184
274408
708793
605811
735120
1024687
1009213
410284
1001184
837381
840591
1054083
14650
774575
980111
914377
483470
492004
321328
348511
120812
271849
180184
741487
690396
604300
446547
520913
592291
1005727
89241
798339
887021
24171
217184
183825
219185
719419
201389
627949
585972
456011
654079
681652
58095
685916
402955
920924
333593
1185039
915612
64948
293180
282105
740935
11475
260637
109017
12079
496963
102044
96563
281284
286174
30777
115445
60628
163481
280606
149636
455
736996
209553
161445
112610
732022
273909
717374
25660
84244
232717
83995
403088
139017
687621
661119
635655
37420
251897
717830
470600
635957
495836
135903
253113
583059
404222
485825
455226
682264
156197
574695
451383
6438
97217
398170
21393
564642
633278
1176599
72064
442279
276029
560787
380148
177818
503270
505845
686966
617704
711294
731958
1175316
55319
1166800
538237
638041
473894
156599
603076
508208
635293
170116
578625
500934
392830
470979
646873
173112
500931
726744
709751
549580
627291
443728
691046
712884
437382
539571
638847
698607
150711
604960
490088
1158656
733178
617832
457412
416425
492330
420243
238162
606395
1157610
593221
489985
730936
444910
704436
645241
687619
348558
733347
418946
721712
103329
441898
760139
568966
442696
83061
672675
729267
635059
659581
1155864
242597
653749
609348
660250
454400
433186
82844
491920
653166
1185561
571302
238346
435848
343635
474079
422277
438909
421446
1153642
751760
543924
75777
523550
561994
610331
608272
1184556
9883
496628
753399
640250
652877
149850
559615
612176
660842
572478
728275
1151695
563448
647967
467869
736439
585595
444332
296322
508107
198763
614365
89015
241680
710266
1150238
696942
628262
610485
9633
623240
611897
1149710
690159
519045
1149341
614333
642634
629093
518459
60047
91836
514916
642698
653185
246780
1147759
597876
316634
677896
187703
1147076
610838
495325
660542
524906
579331
503011
216798
474570
625440
428172
1145880
747043
560288
